K = 5
 G = 3
 k5g3 = [686, 0, 0, 27, 14,]
 k5g5 = [513, 64, 65, 24, 61]
 k5g10 = [465, 98, 97, 0, 67]
 k5g20 = [454, 36, 97, 62, 78]

 G = 50
 488, 1, 75, 97, 66



 K = 10
 G = 3
 593, 9, 30, 10, 21, 0, 18, 21, 16, 9, G = 5
 381, 65, 76, 53, 19, 32, 15, 54, 15, 17, G = 10
 398, 45, 53, 52, 67, 21, 6, 44, 32, 9, G = 20
 387, 42, 20, 56, 78, 20, 47, 22, 35, 20, G = 50
 390, 6, 75, 1, 97, 32, 1, 60, 1, 64, K = 15
 G = 3
 606, 2, 11, 9, 21, 24, 5, 10, 5, 10, 11, 118, 12, 12, 11, G = 5
 325, 46, 15, 17, 11, 47, 5, 65, 41, 5, 13, 14, 176, 16, 161, G = 10
 398, 59, 67, 14, 14, 27, 19, 12, 24, 7, 123, 113, 126, 10, 124, G = 20
 465, 20, 1, 14, 14, 15, 7, 36, 51, 3, 114, 128, 132, 113, 114, G = 50
 249, 5, 1, 1, 54, 93, 1, 75, 1, 61, 11, 11, 132, 187, 165, K = 30
 G = 3
 622, 1, 3, 8, 5, 1, 4, 40, 3, 6, 11, 11, 11, 12, 11, 12, 11, 11, 12, 11, 22, 21, 22, 23, 21, 22, 23, 22, 22, 23, G = 5
 584, 1, 2, 2, 4, 1, 3, 2, 6, 4, 11, 12, 176, 11, 11, 14, 12, 11, 13, 11, 21, 22, 21, 22, 21, 24, 22, 23, 27, 23, G = 10
 398, 67, 1, 12, 1, 1, 3, 31, 7, 2, 11, 17, 11, 12, 12, 11, 13, 11, 13, 12, 252, 21, 23, 245, 22, 21, 21, 28, 267, 21, G = 20
 387, 29, 1, 7, 78, 2, 6, 1, 43, 2, 11, 17, 116, 13, 143, 16, 18, 11, 17, 11, 214, 21, 25, 218, 21, 28, 27, 26, 216, 22, G = 50
 387, 98, 1, 1, 1, 1, 1, 1, 1, 42, 11, 11, 11, 11, 11, 11, 11, 11, 11, 11, 297, 21, 21, 21, 21, 21, 21, 21, 278, 21, K = 50
 G = 3
 661, 1, 2, 4, 1, 1, 3, 0, 3, 2, 11, 11, 11, 12, 11, 12, 11, 11, 11, 11, 21, 21, 21, 22, 21, 21, 23, 21, 22, 22, 32, 32, 30, 31, 32, 31, 31, 32, 31, 31, 41, 41, 41, 41, 41, 41, 41, 41, 41, 40, G = 5
 661, 1, 1, 1, 2, 1, 1, 2, 2, 3, 11, 11, 11, 11, 11, 11, 11, 11, 13, 11, 21, 22, 21, 22, 21, 22, 22, 22, 22, 23, 31, 31, 30, 31, 31, 31, 32, 32, 31, 31, 42, 42, 41, 40, 41, 41, 41, 41, 41, 41, G = 10
 495, 67, 1, 4, 1, 1, 1, 1, 4, 1, 11, 14, 11, 11, 12, 11, 11, 11, 13, 12, 298, 21, 21, 21, 21, 21, 21, 22, 21, 21, 31, 31, 31, 31, 31, 32, 32, 31, 31, 31, 41, 41, 41, 41, 41, 41, 42, 41, 43, 42, G = 20
 246, 13, 1, 2, 1, 1, 3, 1, 1, 2, 11, 13, 11, 11, 11, 11, 15, 11, 12, 145, 245, 21, 21, 21, 21, 23, 25, 23, 255, 21, 31, 31, 34, 333, 31, 32, 31, 32, 354, 31, 42, 42, 450, 41, 474, 41, 43, 442, 41, 43, G = 50
 661, 1, 1, 1, 1, 1, 1, 1, 1, 18, 11, 11, 11, 11, 11, 11, 11, 11, 11, 11, 21, 21, 21, 21, 21, 21, 21, 21, 21, 21, 31, 31, 31, 31, 31, 31, 31, 31, 31, 31, 41, 41, 41, 41, 41, 41, 41, 41, 41, 41, 